# step = 0, t = 0.0000, size = 64
9.90083e-05 
9.94082e-05 
0.000100405 
0.000100506 
9.92001e-05 
0.000100764 
9.91243e-05 
0.000100855 
9.97319e-05 
0.000100364 
0.000100134 
0.00010055 
0.000100961 
9.91977e-05 
0.000100387 
0.000100247 
9.94437e-05 
0.000100733 
9.95801e-05 
0.000100013 
9.90259e-05 
0.000101 
0.000100147 
9.96929e-05 
9.93043e-05 
9.91175e-05 
9.98652e-05 
0.000100497 
0.000100732 
0.000100972 
9.93382e-05 
9.98272e-05 
9.9903e-05 
0.000100338 
9.9604e-05 
9.98813e-05 
9.90839e-05 
0.000100321 
9.96862e-05 
9.99792e-05 
9.99623e-05 
0.000100769 
0.000100802 
0.000100456 
9.91113e-05 
9.96815e-05 
9.95313e-05 
9.9465e-05 
9.97467e-05 
0.000100375 
0.000100674 
9.98868e-05 
9.90473e-05 
0.000100212 
0.000100383 
0.00010084 
9.93484e-05 
9.94035e-05 
0.000100938 
0.000100904 
0.000100792 
0.00010025 
9.91259e-05 
9.92114e-05 

